// Kleppmann v2
4,45,10,43,12,41,14,39,16,37       18,35,20,33,22,31,24,29,26,27,
46,3,44,9,42,11,40,13,38,15       36,17,34,19,32,21,30,23,28,25,

48,85,50,83,52,81,54,79,56,77       58,75,60,73,62,71,64,69,66,67,
86,47,84,49,82,51,80,53,78,55       76,57,74,59,72,61,70,63,68,65,

88,125,90,123,92,121,94,119,96,117       98,115,100,113,102,111,104,109,106,107,
126,87,124,89,122,91,120,93,118,95       116,97,114,99,112,101,110,103,108,105,

128,165,130,163,132,161,134,159,136,157       138,155,140,153,142,151,144,149,146,147,
166,127,164,129,162,131,160,133,158,135       156,137,154,139,152,141,150,143,148,145,

168,205,170,203,172,201,174,199,176,197       178,195,180,193,182,191,184,189,186,187,
206,167,204,169,202,171,200,173,198,175       196,177,194,179,192,181,190,183,188,185,

208,245,210,243,212,241,214,239,216,237       218,235,220,233,222,231,224,229,226,227,
246,207,244,209,242,211,240,213,238,215       236,217,234,219,232,221,230,223,228,225,

248,285,250,283,252,281,254,279,256,277       258,275,260,273,262,271,264,269,266,267,
286,247,284,249,282,251,280,253,278,255       276,257,274,259,272,261,270,263,268,265,

288,325,290,323,292,321,294,319,296,317       298,315,300,313,302,311,304,309,306,307,
326,287,324,289,322,291,320,293,318,295       316,297,314,299,312,301,310,303,308,305,

328,365,330,363,332,361,334,359,336,357       338,355,340,353,342,351,344,349,346,347,
366,327,364,329,362,331,360,333,358,335       356,337,354,339,352,341,350,343,348,345,

368,405,370,403,372,401,374,399,376,397       378,395,380,393,382,391,384,389,386,387,
406,367,404,369,402,371,400,373,398,375       396,377,394,379,392,381,390,383,388,385,

408,445,410,443,412,441,414,439,416,437       418,435,420,433,422,431,424,429,426,427,
446,407,444,409,442,411,440,413,438,415       436,417,434,419,432,421,430,423,428,425,

448,485,450,483,452,481,454,479,456,477       458,475,460,473,462,471,464,469,466,467,
486,447,484,449,482,451,480,453,478,455       476,457,474,459,472,461,470,463,468,465,

488,525,490,523,492,521,494,519,496,517       498,515,500,513,502,511,504,509,506,507,
526,487,524,489,522,491,520,493,518,495       516,497,514,499,512,501,510,503,508,505,

528,565,530,563,532,561,534,559,536,557       538,555,540,553,542,551,544,549,546,547,
566,527,564,529,562,531,560,533,558,535       556,537,554,539,552,541,550,543,548,545,

568,589,570,587,572,585,574,583,576,581       578,579
590,567,588,569,586,571,584,573,582,575       580,577

592,613,594,611,596,609,598,607,600,605       602,603
___,591,612,593,610,595,608,597,606,599       604,601




// This is for Alex Suy
4,41,6,39,8,37,10,35,12,33,14,31,16,29,18,27,20,25,22,23
42,3,40,5,38,7,36,9,34,11,32,13,30,15,28,17,26,19,24,21

44,81,46,79,48,77,50,75,52,73,54,71,56,69,58,67,60,65,62,63
82,43,80,45,78,47,76,49,74,51,72,53,70,55,68,57,66,59,64,61

84,121,86,119,88,117,90,115,92,113,94,111,96,109,98,107,100,105,102,103
122,83,120,85,118,87,116,89,114,91,112,93,110,95,108,97,106,99,104,101

124,161,126,159,128,157,130,155,132,153,134,151,136,149,138,147,140,145,142,143
162,123,160,125,158,127,156,129,154,131,152,133,150,135,148,137,146,139,144,141

164,201,166,199,168,197,170,195,172,193,174,191,176,189,178,187,180,185,182,183
202,163,200,165,198,167,196,169,194,171,192,173,190,175,188,177,186,179,184,181

204,241,206,239,208,237,210,235,212,233,214,231,216,229,218,227,220,225,222,223
242,203,240,205,238,207,236,209,234,211,232,213,230,215,228,217,226,219,224,221

244,281,246,279,248,277,250,275,252,273,254,271,256,269,258,267,260,265,262,263
282,243,280,245,278,247,276,249,274,251,272,253,270,255,268,257,266,259,264,261

284,___,286,299,288,297,290,295,292,293
___,283,300,285,298,287,296,289,294,291
